0
0
0
0
0
186
163
147
187
187
188
182
182
181
181
181
181
181
181
181
181
181
181
181
181
181
181
181
181
181
181
181
181
181
181
181
181
181
181
181
181
181
181
181
181
181
181
181
181
181
181
181
181
181
181
180
180
180
180
180
180
180
180
180
180
180
180
180
180
180
180
180
180
180
180
180
180
180
180
180
180
180
180
180
180
180
180
180
180
180
180
180
180
180
180
180
180
180
180
180
180
180
180
180
180
180
180
180
180
180
180
180
180
180
180
180
179
179
179
179
179
179
179
179
179
179
179
179
179
179
179
179
179
179
179
179
179
179
179
179
179
179
179
179
179
179
179
179
179
179
179
179
179
179
179
179
179
179
179
179
179
179
179
179
179
179
179
179
179
179
179
179
179
179
179
179
178
178
178
178
178
178
178
178
178
178
178
178
178
178
178
178
178
178
178
178
178
178
178
178
178
178
178
178
178
178
178
178
178
178
178
178
178
178
178
178
178
178
178
178
178
178
178
178
178
178
178
178
178
178
178
178
178
178
178
178
177
177
177
177
177
177
177
177
177
177
177
177
177
177
177
177
177
177
177
177
177
177
177
177
177
177
177
177
177
177
177
177
177
177
177
177
177
177
177
177
177
177
177
177
177
177
177
177
177
177
177
177
177
177
177
177
177
177
177
177
176
176
176
176
176
176
176
176
176
176
176
176
176
176
176
176
176
176
176
76
74
74
74
74
74
74
73
73
73
73
73
73
73
73
73
73
73
73
73
73
73
73
73
73
73
73
73
73
73
73
73
73
73
73
73
73
73
73
73
73
73
73
73
73
73
73
73
73
73
73
73
73
73
73
73
73
73
73
73
73
73
73
73
73
73
73
72
72
72
72
72
72
72
72
72
72
72
72
72
72
72
72
72
72
72
72
72
72
72
72
159
157
157
157
157
157
157
157
157
157
157
157
157
157
157
157
157
157
157
157
157
157
157
157
157
157
157
157
157
157
157
157
157
157
157
157
157
157
157
157
157
157
157
156
156
156
184
184
184
184
184
184
184
184
183
183
183
183
183
183
183
183
183
183
183
183
183
183
183
183
183
183
183
183
183
183
183
183
183
183
183
183
183
183
183
183
183
183
183
183
183
183
183
183
183
183
183
183
183
183
183
183
183
183
183
183
183
183
183
183
183
183
183
183
182
182
182
182
182
182
182
182
182
182
182
182
182
182
182
182
182
182
182
182
182
182
182
182
182
182
182
182
182
182
182
182
182
182
182
182
182
182
182
182
182
182
182
182
182
182
182
182
182
182
182
182
182
182
182
182
182
182
182
182
181
181
181
181
181
181
181
181
181
181
181
181
181
181
181
181
181
181
181
181
181
181
181
181
181
181
181
181
181
181
181
181
181
181
181
181
181
181
181
181
181
181
181
181
181
181
181
181
181
181
181
181
181
181
181
181
181
181
181
181
180
180
180
180
180
180
180
180
180
180
180
180
180
180
180
180
180
180
180
180
180
180
180
180
180
180
180
180
180
180
180
180
180
180
180
180
180
180
180
180
180
180
180
180
180
180
180
180
180
180
180
180
180
180
180
180
180
180
180
180
179
179
179
179
179
179
179
179
179
179
179
179
179
179
179
179
179
179
179
179
179
179
179
179
179
179
179
179
179
179
179
179
179
179
179
179
179
179
179
179
179
179
179
179
179
179
179
179
179
179
179
179
179
179
179
79
75
75
75
75
75
75
75
75
75
75
75
75
75
75
75
75
75
75
75
75
75
75
75
75
75
75
75
75
75
75
75
75
75
75
75
75
75
75
75
75
75
74
74
74
74
74
74
74
74
74
74
74
74
74
74
74
74
74
74
74
74
74
74
74
74
74
74
74
74
74
74
74
74
74
74
74
74
74
74
74
74
74
74
74
74
74
74
74
74
74
74
74
74
74
74
74
74
74
74
74
73
73
73
73
73
73
73
73
73
73
73
73
73
73
73
73
73
73
73
73
73
73
73
73
73
73
73
73
73
73
73
73
73
73
73
73
73
73
73
73
73
73
73
73
73
73
73
73
73
73
73
73
73
73
73
73
73
73
73
73
73
72
72
72
72
72
72
72
72
72
72
72
72
72
72
72
72
72
72
72
72
72
72
72
72
72
72
72
72
72
72
72
72
72
72
72
72
72
72
72
72
72
72
72
72
72
72
72
72
72
72
72
72
72
72
72
72
72
184
182
183
183
184
183
183
183
183
183
183
183
183
183
183
183
183
183
183
183
183
183
183
183
183
183
183
183
183
183
183
183
183
183
183
183
183
183
183
183
183
183
183
183
183
183
183
183
183
183
182
182
182
182
182
182
182
182
182
182
182
182
182
182
182
182
182
182
182
182
182
182
182
182
182
182
182
182
182
182
182
182
182
182
182
182
182
182
182
182
182
182
182
182
182
182
182
182
182
182
182
182
182
182
182
182
182
182
182
182
181
181
181
181
181
181
181
181
181
181
181
181
181
181
181
181
181
181
181
181
181
181
181
183
182
